,30000,30001,30002,30003,30004,30005,30006,30007,30008,30009,30010,30011,30012,30013,30014,30015,30016,30017,30018,30019,30020,30021,30022,30023,30024,30025,30026,30027,30028,30029,30030,30031,30032,30033,30034,30035,30036,30037,30038,30039,30040,30041,30042,30043,30044,30045,30046,30047,30048,30049,30050,30051,30052,30053,30054,30055,30056,30057,30058,30059,30060,30061,30062,30063,30064,30065,30066,30067,30068,30069,30070,30071,30072,30073,30074,30075,30076,30077,30078,30079,30080,30081,30082,30083,30084,30085,30086,30087,30088,30089,30090,30091,30092,30093,30094,30095,30096,30097,30098,30099,30100,30101,30102,30103,30104,30105,30106,30107,30108,30109,30110,30111,30112,30113,30114,30115
30000,0.0,2.4893705503458743,1.5658091140595707,2.4711070848140353,1.267481128355112,0.30470913342987094,1.3082826893301363,1.034074185908971,2.514715959417636,0.9706524739120214,1.5011126674173696,0.7818242797931627,1.3942257448457205,2.8875232754110827,1.8188179656743855,0.9070482494510275,1.9714365933495983,2.2737704226693487,2.114065120649844,1.1250101489389022,3.0977380157594863,0.7094781440858996,2.540932510889413,2.185685953514184,1.2440974024765725,1.1773771613945476,1.3734550704300048,1.1674547243503228,0.5448144825900301,0.7577770831671198,0.41215821591754376,1.7732826114552906,1.2693548825430119,1.5489034466878324,1.697517122330647,1.667315936524878,0.6988321484991252,1.11443875086987,1.5967921024183713,0.7200380093504887,1.2029481144777923,1.6150315003547422,0.9962428379048665,3.3082350592929433,2.8407345818852163,1.9945610125009485,0.5800806672141766,0.16208174218247673,2.295189469519411,2.078398178097724,0.5827100700826076,0.8457637358352543,1.4760678364917432,0.8857566850729646,2.214186518375409,0.8010585324954186,1.0154293938748737,1.5524336544999897,1.0559351330598874,1.6849530474328547,1.8150140095415415,2.5407295825428733,1.605300914344662,1.0122229457284169,2.5156268431455393,1.2645131740176954,1.9390246868310326,1.9547074906457957,2.428061137708333,2.102791624020343,2.6974819879665404,2.7625202210995425,3.182396423688395,2.171388199983018,2.224467737147815,2.8219158701936764,3.1627560737461358,4.34834297678123,4.775360297717739,4.778457564726476,2.6514283047386806,3.181088783696084,4.271070075714721,4.605765956946101,4.529846361619466,4.9989317946158645,5.229165726556505,1.1765881419176942,0.4268192223790054,3.886737295318024,0.504643612662249,0.5829591673723059,1.0191322239213552,1.7631759878991684,3.227586152680822,3.672033949132188,1.082878644828986,2.7776974656489366,0.9485795889217641,5.927996199099656,6.186910177606681,6.194679429048281,5.601775025484574,6.904831016901495,0.9800587391016897,5.7406513377773045,7.0918768208743925,6.656928249400045,3.0680430855026115,2.143985598912979,1.231485712411142,5.328083990966081,1.7132109822624473,3.4955432598018152,5.17452099304354,3.4133563077110773
30001,2.4893705503458743,0.0,0.9435187611030594,4.670845706508355,2.960349760210703,2.6322879350695314,2.7737439718680705,2.440262516923277,1.8826011481067713,1.7683621180950333,3.1174524572888207,3.1011902644673888,2.6951036441695075,3.199994556700364,0.7147455118409507,1.6076800610968465,3.2415521721919798,3.1580520592946546,2.50548424637133,1.3768665927461439,3.6807627848853945,2.9471131866664413,3.132504331644783,1.917627959435886,1.2975632740960203,1.4901884451352196,1.3068251661198684,1.3669782662193108,2.6527020275711815,2.4864689893985723,2.5122645012326377,1.1919694968419858,1.5574604465168538,1.7271094425727618,1.0265708043547677,3.1473588533424874,2.727158229573068,1.5711225917698068,1.1409890051592853,2.1801320828684303,2.6774671903173015,2.174388321595764,2.684828557962378,3.8142832048842035,3.5914696517081177,0.4950891624795355,2.0366946182258308,2.588131686195381,3.346871856802651,2.6703148231398837,2.581024958243898,2.427282989614752,2.7983997479196026,2.9946570579950063,2.22781164186502,2.8185699858842965,3.217571044170553,1.1951592279402814,1.5217425736012606,3.7667962127341275,2.6830543718447757,3.454468134503208,3.5120187848866045,2.0284565232159446,2.6947124142503607,3.630963335493908,4.226336415885972,4.383084734488037,4.784109545007748,4.585991002268817,5.0817024081833875,5.246516147836012,5.642450565488579,0.6576233335630606,1.0568513123067407,1.0902940357273674,1.4255038693494368,2.282964549852305,2.95295174303055,2.7581804079564423,1.034953308270266,0.7046325121657891,1.949668043738646,2.345435480995818,2.080790442241248,2.6110675631527775,2.8722650875289233,2.274414482580207,2.152515274553003,4.626547122638365,2.287704624678508,2.806525366892598,3.389678845196279,3.018064238890165,3.372352563603151,3.5668759110338906,3.510076407042257,2.7396015711001303,3.435407394706338,3.6528865169603173,3.93879074655168,4.263687705100114,3.4597682054737424,4.81692459168678,3.1979514325324225,3.7798806986863127,4.919047719973517,4.758449599971719,2.2062979737648347,2.179465972412136,2.140289310180908,3.274807793454347,3.7355445977367263,2.6664541231519525,2.900150101976781,2.416996296425439
30002,1.5658091140595707,0.9435187611030594,0.0,3.7462364496189404,2.0679053031975263,1.7404616682538632,1.9049789512677227,1.5473640193554479,1.618698786599947,1.0236760166096635,2.2464568742395024,2.157779621671529,1.8502726489748842,2.694124405648893,0.25493491591129885,0.667766631178906,2.4497917797191624,2.4615575000622827,1.8936859972542401,0.4411305517761191,3.115311606174566,2.0045792916434935,2.524401487140271,1.4714973333360388,0.5326973858098585,0.791519231336415,0.7063633683621222,0.4236634275435748,1.7103439376412337,1.5583900932823336,1.5687486446121108,0.9367726729612059,0.9471118075929604,1.0061125570804477,0.6876263867435394,2.303589308596522,1.7894810188685335,0.6563334102273799,0.41205553211611523,1.2479827479912262,1.7985082334072033,1.4429172976837938,1.7752129152618534,3.2823920941461258,2.9665533725041144,0.45749592913944925,1.093177865775201,1.6779617989660593,2.6178411455243533,2.0127564686664807,1.6406179637150116,1.5090592783865875,1.9594348882286765,2.0586335672773535,1.7176969163386901,1.8842024164416382,2.279203647187661,0.7375877138185194,0.7345860563426126,2.8477624662790744,1.942694476285823,2.7715108717956674,2.6111194591390228,1.1347740970550289,2.187901179709534,2.687659298721878,3.289337879465551,3.439719447065358,3.843279248744547,3.650328345354729,4.139478927906735,4.310604925727144,4.700221764294157,0.8773844358553603,1.1878939848873373,1.6206487392345241,2.0019716933285294,3.071086568985384,3.6499514021201165,3.536989725641691,1.2474617809550101,1.619142313442894,2.8442038617415664,3.219597982187772,3.0207902710262506,3.5351576478517717,3.787250762900202,1.4143879912777104,1.271017265629955,4.053792504832083,1.344975640660715,1.863367547524883,2.4461622225217337,2.2131695242930434,2.9419121055422246,3.2467447007091312,2.618163401931676,2.32459202781116,2.5143478939426878,4.543429392963302,4.821302980586748,5.028410236260752,4.298929375933803,5.646459521845844,2.3593842690328315,4.550557099762744,5.779887333751287,5.5156775282372745,2.40982181668095,1.9508135648795082,1.5267697623425664,4.076193392206434,2.972826630693528,2.899302292955356,3.7854295406055076,2.7066270657593607
30003,2.4711070848140353,4.670845706508355,3.7462364496189404,0.0,1.7464480917369254,2.564107395991146,1.971115995669919,2.246913318606601,3.7184588313461013,3.4385833955291516,1.658405559928027,1.692733066696677,2.0950974438907948,3.0174754871194853,3.9568521655564615,3.130148056949349,1.8695157481372873,2.2967151286721537,2.8147505721926818,3.354938542558411,2.7966571272897665,1.8019234454651827,2.6426951360080673,3.376868150623234,3.6207809395066777,3.6192464852415163,3.800345750673072,3.330881440489176,2.076919765749189,2.187881381032371,2.242231037239898,4.217278362315266,3.7327966440992935,3.07989509407537,4.100824783947543,1.7265765674602334,1.9695803464093777,3.1002653617640026,3.551818360925102,2.4985715934195456,2.0396902025086208,2.7353616529715374,1.9905837333332141,2.9669540404801817,2.5230482029709096,4.202409440495487,2.692389605901673,2.485641821571464,2.0941974736586775,2.6211844376931364,2.127311324820629,2.2435818248626607,2.022449361911393,1.6993952431591468,3.155138717998878,1.8674617876378352,1.495804883102069,3.978681169036728,3.476502469566537,0.907435021857559,2.378766866327313,2.2725073486274594,1.2027228661490716,2.649200013408945,3.053173283804112,1.232798566065959,0.5571069399548233,0.9279725699143485,0.5395370507863906,1.3604938897633894,0.7628266275708034,1.5622060081299132,1.5154939748389165,4.531777923475809,4.6594623321296735,5.236762554691469,5.595532198461109,6.757250509267811,7.2310146434189875,7.203928613309115,4.38489971339678,5.281404637300711,6.5890388310343955,6.9568240073812175,6.7475693722382415,7.279125712156361,7.533389246678941,2.445041095992273,2.8967574519838077,2.992550252634322,2.431627934725797,1.9486477754619254,1.4625098462607282,1.9602015985871775,3.31446223668534,3.780204039700624,2.195870094883811,3.320529260791486,1.910488570274148,8.28369578039618,8.55679884709838,8.64774335619613,8.006111781099753,9.332694637279833,2.664273328918903,8.18647970133818,9.496042852950197,9.116144105662086,5.53174755778309,4.569487415961402,3.6530795846435464,7.752792907428976,3.125450627751157,5.944021922533382,7.5251892803783225,5.8773754309597415
30004,1.267481128355112,2.960349760210703,2.0679053031975263,1.7464480917369254,0.0,1.530430343165696,0.24231458788616406,0.5215914189694983,2.0575881266535374,2.0531010095570186,0.2349126740410305,0.802614653454991,0.3913927550367407,1.8365382659316445,2.2544237032023604,1.5312209287315484,0.7249133380693444,1.1095250586452985,1.2655205507534917,1.7297571420511206,1.9229817545627843,0.6969827385307165,1.441990536680326,1.6989717066737604,2.06548750864779,2.1446526884985415,2.2871135757179135,1.6781698327629235,0.7238037235263696,0.5924729517441377,0.8651060524236348,2.7068773193921163,2.302468298648356,1.3339779295970766,2.538553824814346,0.40416907919364253,0.5719408895593129,1.4116417818445812,1.8247394911464068,0.8759552151818101,0.2932431149960091,1.0213471906847649,0.3186456293012624,2.136940053785397,1.642663210146033,2.513322171882114,1.1438657147095421,1.387147334647342,1.070447679288163,1.1260374762134326,0.6912115215495988,0.5874165403580803,0.373429922938895,0.505819285680974,1.5414132200931792,0.483946134597802,0.6289288667249826,2.4524270961149575,1.9828657189525025,0.8455913446556329,0.8244610288625953,1.3274573501356473,0.5538782810856236,0.9354283379067693,1.6197539434113335,1.0720265898041634,1.4018988142785,1.7631730568209498,1.9818787086723673,2.162003818747743,2.2958806176860738,2.7478248690549645,2.9848638097248497,2.910311318212666,3.11397989782877,3.645658249979635,4.020611757570641,5.1336175062066465,5.676752304740387,5.5952237089459445,2.6434987933631846,3.5455917322344894,4.901664099179211,5.284265083829139,5.023491611933603,5.570460271601316,5.832545877203695,0.7001673246883787,1.591735094499414,2.6396056387573226,0.9217895948373515,0.7395297091908151,0.9612662430392926,0.5604783993810069,2.1876091420855537,2.6686589581696816,1.8626494843389438,1.9107809960046884,1.5316832563922558,6.604583490508115,6.885374326382292,7.075027044609925,6.3664371536030675,7.711886418777964,2.0586493948036892,6.601546477873623,7.847700330841054,7.5569527858377485,4.161312543154898,3.331538919815267,2.453170686300398,6.1380965191259165,2.77642908622856,4.621623486950396,5.847822892513968,4.498907112991033
30005,0.30470913342987094,2.6322879350695314,1.7404616682538632,2.564107395991146,1.530430343165696,0.0,1.5931805273198216,1.335088212563408,2.8015050824468126,0.9709964818179365,1.760232064402309,0.9264724182928791,1.687114950366898,3.1898521220276734,1.9953573749895663,1.1129923052175954,2.246358802713172,2.565520569472596,2.418771240744012,1.3092954735952247,3.390939469555595,0.9045330929010877,2.839749409242895,2.4784156640895816,1.345909814293813,1.2217960985907184,1.426029372196893,1.3712578452934545,0.810363180696298,1.0540974535192096,0.7023481501005691,1.7924581710047702,1.2704441576046475,1.8353243896776186,1.758931784960632,1.9340677413701124,0.958928372088204,1.3656004270691808,1.8264951522593809,1.0225160142027434,1.4923831453978653,1.9185371213903009,1.2786682602298425,3.6023076963598175,3.1298358846482968,2.142761256722237,0.8562123946073262,0.14903161078913096,2.5773102873453295,2.3817392950083156,0.8646999765865769,1.1464320743606824,1.764450980228421,1.100932953156554,2.515662559190203,1.050196995399708,1.184905809762868,1.5984516384418916,1.1330939382090746,1.8442048524724768,2.115579343225779,2.8261655530144787,1.8112403299095594,1.3107808656707038,2.8203358081092973,1.3324876854985501,2.0149859874812823,1.9478183508535825,2.456745214602869,2.0244395233893266,2.705193998728194,2.675103872916717,3.127068871301155,2.247959419094447,2.2442113238050068,2.850575589489292,3.1723206943639735,4.367904470496956,4.750306611412869,4.783582671576046,2.8846450320380654,3.3334425838101716,4.339381550922276,4.656635257080485,4.632866338874792,5.077114593040421,5.296744103496211,1.4812821613500105,0.4801613537779213,4.164434219288561,0.8088704342203084,0.8058646565749763,1.1041092441766356,2.0459850940872184,3.5308306335788346,3.9764655187748987,0.8793514458687416,3.082105350746865,0.8396127150223411,5.9699156576259576,6.220877015963016,6.168978691879296,5.618398897329,6.901264327138835,0.6884763694370556,5.724119086565555,7.104105908748892,6.622180536974321,2.975589544152002,2.0060955100366775,1.088972399422472,5.331520817597989,1.4135869063488644,3.380222176617437,5.222272670130094,3.32081353662633
30006,1.3082826893301363,2.7737439718680705,1.9049789512677227,1.971115995669919,0.24231458788616406,1.5931805273198216,0.0,0.37831630599786614,1.815314532927491,1.9998206808951793,0.3438667793717573,0.9778881538382778,0.1529521521911098,1.663875090376725,2.0764368679191643,1.4179143163022758,0.674352906670412,0.9779948049089854,1.0391053939297035,1.5986588111529436,1.8038611690210051,0.8454143981749994,1.28198379410599,1.4566699720719438,1.9557066329518924,2.061153285799476,2.1876848614594966,1.5348376353874733,0.7886193675569084,0.56409163580724,0.8961353607795242,2.601387215308614,2.229144771460106,1.1117032557551512,2.4180428634495406,0.4180634633616781,0.6547291351803275,1.253885741945258,1.6332344331083717,0.7875452889648149,0.12036351594183078,0.7803615816920837,0.314854918681854,2.0167838398552553,1.5373906119575205,2.3406711245328204,1.0730740296784154,1.4452326289977029,0.9870575665093982,0.9146402206922272,0.7286119386328723,0.5132040539207461,0.1772773400800444,0.6801038301668112,1.3028644821010988,0.5997529433862296,0.8422264465509626,2.3456314973663095,1.8971504861017956,1.0783368266133375,0.6122821485333502,1.2332145603621212,0.7692754278481871,0.7733811857703784,1.4068455481224347,1.3013190180026073,1.642509151645101,2.003800915089993,2.221846961021049,2.3963824912863125,2.5359206706144217,2.987794575226893,3.227112564171654,2.7640438062486146,2.992441306841463,3.5049929917516667,3.8831060978601504,4.976060675006312,5.539048607174546,5.441359513681415,2.413965562106233,3.340619971862473,4.720972171201347,5.108858568642977,4.824748881908804,5.379231993980332,5.644629286593542,0.4993297035143871,1.5811017124201368,2.5798953735561394,0.8893187803367429,0.8498828611408602,1.1711407064716817,0.45517553555035256,2.0147146434905245,2.488898406364793,2.022622553340585,1.696663916790461,1.7047619966757486,6.424742830938557,6.708114274566556,6.928953806162781,6.200986600785206,7.550654851503089,2.1720329555922824,6.452793982307325,7.677501739059518,7.413874410214508,4.079508763658873,3.290151344582052,2.4376722410992357,5.981165893236868,2.9027369502577036,4.547974430604511,5.6696227771944505,4.4126996907078055
30007,1.034074185908971,2.440262516923277,1.5473640193554479,2.246913318606601,0.5215914189694983,1.335088212563408,0.37831630599786614,0.0,1.7138829533239965,1.6337535839261375,0.7058710283729671,0.9462789109940217,0.39288114164053134,1.8551389447492255,1.733055010148956,1.0396951270687431,1.0303860217752914,1.2566165122522353,1.1096438577125671,1.2236747473988225,2.0732768117591127,0.7804382037552335,1.5076999215308697,1.3533651525514916,1.5775107053149415,1.6849640681033948,1.8094616553970742,1.164395378072895,0.5967062983555622,0.29036026811941,0.6397950784060294,2.223126642823213,1.85509403285006,0.8662567665876864,2.0413276328101126,0.7962247083957892,0.5221830598828803,0.8915623359448066,1.3080954130256817,0.41835863320685257,0.2605447286555572,0.6799428357477111,0.26720860107690575,2.2815879068505414,1.8274835299403591,1.9917578606397834,0.7066551976310428,1.1865286566761655,1.3116183975236064,1.0502190118583183,0.5077504125709306,0.18868756319379015,0.49652597345967314,0.6946210882787712,1.2821507860305632,0.537335929366667,0.9135550290934515,1.9673844205546986,1.5207699207497116,1.3395462732611505,0.7809411863767141,1.541258536686238,1.071757706226318,0.41384220457956306,1.5084923918944522,1.3893232665371067,1.8546249979304812,2.140259716172813,2.4334384171624746,2.4811156310112383,2.744660820078441,3.106478926149966,3.3974785245756745,2.396317291401072,2.616189594260495,3.1349891472646134,3.5119293813086343,4.615574270692252,5.168305048540054,5.078614969552013,2.178427663525986,3.0350038301029643,4.380209111676381,4.762710049441989,4.507518062425357,5.051013154772014,5.312133095907835,0.23197918558363767,1.2463667474639712,2.9006293960252827,0.5589041069458986,0.7188054580146912,1.2030533018797207,0.7949269699618084,2.1977515711441167,2.6506204771348245,1.903424999618528,1.784360416744004,1.6217367525150415,6.083033662313855,6.363787283007712,6.562109378324174,5.846276997911473,7.19291241338563,1.9693334327475955,6.087278069874541,7.326720127916213,7.045642298806872,3.7024114620314506,2.925901664747632,2.090822802592321,5.620398542703109,2.709396013424489,4.1721279681055385,5.326235700382653,4.0350052301218495
30008,2.514715959417636,1.8826011481067713,1.618698786599947,3.7184588313461013,2.0575881266535374,2.8015050824468126,1.815314532927491,1.7138829533239965,0.0,2.501462672616948,2.075823885554712,2.659361484888462,1.6683211109630176,1.374616024765628,1.54188143772377,1.8262320301403918,1.9005503820605874,1.6041046439495654,0.9367551926465411,1.7668615367298197,1.8838138711312837,2.491481380628901,1.4288484120460958,0.36210383650766476,2.0929966715023065,2.3437648281992787,2.3094250465539456,1.653272386323575,2.267700024717079,1.9614846661749552,2.2380925032649097,2.5451598061055662,2.5236469444803435,0.9663148445274097,2.2936301282083122,1.9918890185313969,2.2281507620853107,1.4931158263103947,1.231925130784898,1.8188695075493504,1.7951104259997144,1.048167670557296,1.958854609498327,1.9840057546416145,1.8680783652788204,1.748641565820994,1.9457800431885603,2.6746069971600037,1.8319726382740087,1.1425092862849977,2.170924193771337,1.850156158173942,1.716730089146601,2.4030172036438233,0.5769598711261222,2.251189627397636,2.6113860171564207,2.356274617691561,2.2298115855994785,2.8693311446728424,1.342533502122543,1.8343770719451058,2.5378090402008233,1.5178644113775146,0.9146676682799919,3.0873590996647677,3.450631805052448,3.8151615821705716,4.025766495120182,4.185838622603764,4.339336778754611,4.795786378440287,5.0414023221905415,2.3063314465151494,2.7052904512256033,2.948400924709904,3.302211030274662,4.103494391022483,4.814149138731753,4.57463956397878,0.961761498961496,2.1102678368688665,3.6369299759265967,4.054105025992904,3.5430805030913866,4.150517784177558,4.438489356659804,1.4844033807579688,2.4687431266521362,2.806605246918063,2.036859141262001,2.4126577983917765,2.914873497053518,1.7634306180918684,1.4992422047075806,1.6919460573954372,3.5475487781891477,0.8766045557178296,3.3041390337163064,5.2699113881856885,5.569138267802069,6.068018443093456,5.190338764354413,6.536114688750899,3.489773583740934,5.585262714225319,6.578778002085504,6.564014618378284,3.950172432131444,3.5692185432547245,3.046792399058114,5.058889319928154,4.207851620272564,4.435238897987817,4.558985767400879,4.212929296507182
30009,0.9706524739120214,1.7683621180950333,1.0236760166096635,3.4385833955291516,2.0531010095570186,0.9709964818179365,1.9998206808951793,1.6337535839261375,2.501462672616948,0.0,2.281888081621556,1.745984120826727,2.0245552300265466,3.297261502923715,1.251901202938039,0.7170734848110828,2.6641255185631025,2.846585656999866,2.463788839517514,0.735032690913556,3.6232830760030557,1.6502195936203041,3.026312519311741,2.2610012813736318,0.5004445770820979,0.27907259542896556,0.47681073893847725,0.8481910084791829,1.4115416625687087,1.4614636912422425,1.2409683165364742,0.8215799632285754,0.301944106323741,1.6351282001275793,0.8060023584003577,2.4116165508411256,1.5531884008128447,1.0540942936698376,1.299277334565587,1.2155136115306828,1.879673063304451,1.9331514389216684,1.7375020097588472,3.818762055758883,3.41012743969252,1.3122824329955805,0.9275948251208516,0.9901962699308026,2.9339516444214455,2.5082345056684097,1.39723718755592,1.488329879524471,2.1301779754402865,1.795992621624994,2.4184782030701535,1.6657494436206326,1.9617956170387743,0.6369456592150836,0.29027804695058046,2.624535700671311,2.3225723617388314,3.148006126896432,2.495408329338239,1.3503806541652923,2.8349488731586403,2.2345419082914058,2.9095471821060688,2.9039552342492367,3.393340377182146,2.995155072917746,3.655587904417605,3.6439265812001373,4.097854967096983,1.299024812815453,1.2737892588626178,1.879670387930629,2.205711476200071,3.399124390482507,3.8057980268092857,3.8199450142948943,2.270708088497124,2.470773395350212,3.3748507367763234,3.6866889388955033,3.690651384778333,4.1162217350204,4.330891474806159,1.6454955741055812,0.5439227513915807,4.5042119784157775,1.1314629014756155,1.5084293189038092,1.9897288692759563,2.427929055301406,3.600649866735578,3.981010511209282,1.8037794094967805,3.0410062150843356,1.810212031539562,4.998931633037895,5.250174880700574,5.225324443378838,4.650880756499771,5.942663144921498,1.4393645274982134,4.773340039040008,6.138406845653343,5.686489958801118,2.1253668730217576,1.2922545910104053,0.5468056018445757,4.36888957157019,1.977099864577148,2.5739480149687575,4.251728637395343,2.4682618612629046
30010,1.5011126674173696,3.1174524572888207,2.2464568742395024,1.658405559928027,0.2349126740410305,1.760232064402309,0.3438667793717573,0.7058710283729671,2.075823885554712,2.281888081621556,0.0,0.987885556840688,0.4415508697531232,1.696307404391513,2.420140790892704,1.7390293980545115,0.5187385204871084,0.9432855202140185,1.2192345339797028,1.928965143852202,1.7353423049773589,0.9040484598267079,1.294032874312873,1.726195953743697,2.275940405713171,2.365407416024672,2.5022422196302614,1.8700383049543003,0.9567102183901985,0.8205093019087849,1.099943869059577,2.9199107042999235,2.5265480252647206,1.443761124473925,2.744434989266517,0.19012942129707416,0.803745106947985,1.5933045192263466,1.9767779678877704,1.0907748277056526,0.4484714043138115,1.0772186952320901,0.5443926996791743,1.948599662668439,1.448334971873484,2.683961319525116,1.366130513247551,1.6182008070162777,0.8713416217518668,1.0529913059114642,0.9260840291792503,0.8033350299283056,0.36420319871467377,0.7034855983308896,1.53022305141773,0.7104338119591919,0.7764851459553886,2.6646639551125384,2.2026497493049613,0.7944516856450906,0.7666891515757642,1.1301062240531161,0.46230280246819055,1.112585695272594,1.5383929011844588,1.168633161837829,1.3824753256929725,1.7990392403152617,1.9522091494849216,2.2278503356980686,2.265098898723227,2.782745115860806,2.9794526376941928,3.101445960496486,3.3197570335629223,3.8407519949259776,4.217799378192559,5.317217059786324,5.874169172206626,5.781664971849622,2.7328424355131524,3.680001990286661,5.0648345791343425,5.452614560369807,5.165984835923436,5.722157364395231,5.988011850460456,0.8430855521672113,1.8259602399902215,2.4187249143270138,1.1518453321383673,0.9623168881710006,1.1015488328406045,0.40856136666694287,2.044470706207251,2.5303036602438818,2.046344035406866,1.827961887194853,1.7067234544328755,6.76860651707686,7.051960965642676,7.267152457049047,6.543758207455625,7.892767527720665,2.2702194861236547,6.791775672765352,8.02092643544801,7.751128828176794,4.383939230598403,3.5633081309663206,2.6874770450954784,6.322276734369515,2.979268832804481,4.84682161813542,6.013480414423951,4.720198877621653
30011,0.7818242797931627,3.1011902644673888,2.157779621671529,1.692733066696677,0.802614653454991,0.9264724182928791,0.9778881538382778,0.9462789109940217,2.659361484888462,1.745984120826727,0.987885556840688,0.0,1.121139669930554,2.6343474633606614,2.393619024874719,1.5014099087951063,1.5065894498771086,1.9117512691057394,1.9988601173002905,1.73324577186218,2.720075855296284,0.17168484977827592,2.2430815260451187,2.2994096753230293,1.9520061212298945,1.9306996062472486,2.1166350707864097,1.7342133575828467,0.4552208708697891,0.7132574648463135,0.5896779199410078,2.5296027965676795,2.040218134578857,1.770036158218129,2.4265567593212425,1.1778323667585227,0.43661209754954106,1.5632548090584362,2.0596479599077235,0.9603601735142758,0.9317150783875625,1.6238993466394196,0.7219175981266033,2.9337940800804105,2.4353126276709487,2.612303984412782,1.0650885980896103,0.8195167820204983,1.8588161406017603,1.8901576587715352,0.5406455276113666,0.8183742933769041,1.1490000923402723,0.2993552057249822,2.2167004311882064,0.41141800658630845,0.264753880521439,2.295911567994806,1.7928488354247194,0.9182728900678596,1.5889760362293597,2.117520445570535,0.9086441534034752,1.2154881109237665,2.3794930962181358,0.5301215488593214,1.1724386639916455,1.2862253522820466,1.6962143692956286,1.560916436851152,1.9852868943405253,2.2062591818953403,2.5537669607340368,2.8772970312197255,2.9756136385812253,3.5620139655998058,3.9140134055286104,5.087745103322075,5.541618086414431,5.527199377820867,3.0459008910603242,3.761910697813027,4.964383039223213,5.316183392137609,5.1767675988123,5.676610569801245,5.9186799763349915,1.1749739026446875,1.20520420646194,3.389413719384321,0.8150157863921607,0.29611173712970146,0.2906133493947139,1.362622226807837,2.9856578766460733,3.463634589273652,1.060956883576048,2.6673329771059033,0.7299481090479656,6.643022671076995,6.909010940825457,6.959643040758472,6.340161748143792,7.656068505038675,1.3041072198545023,6.501238382456654,7.831284131990796,7.425799328037972,3.8496522095688905,2.913862031897012,1.9959143249916744,6.076823801302985,1.995725217846391,4.2742293435564385,5.885918275254828,4.195030513846852
30012,1.3942257448457205,2.6951036441695075,1.8502726489748842,2.0950974438907948,0.3913927550367407,1.687114950366898,0.1529521521911098,0.39288114164053134,1.6683211109630176,2.0245552300265466,0.4415508697531232,1.121139669930554,0.0,1.5346826692284792,2.0078168218259123,1.4071007819012047,0.6421541285562351,0.8795641835346253,0.8873583346886427,1.5721697537137207,1.703987399740707,0.9820840338611776,1.161967371367616,1.3112716178585329,1.942124891551356,2.065386227782811,2.180016421724236,1.4993494647188403,0.8958938138802542,0.6371928493989834,0.9849707961355658,2.587360560743294,2.2392222779877335,1.003918808173914,2.393899698474026,0.45450661084790794,0.7733853517371079,1.2100024379990086,1.5547700116900989,0.8103432359224458,0.20083973232654387,0.6428111803875304,0.42663432735903334,1.9151929288921383,1.4477268015586182,2.275541143324527,1.0985944049866139,1.5382224494573533,0.9198359034914992,0.769028702028752,0.8258003322875052,0.5632369550699525,0.11124445563243264,0.8255807231677739,1.1507028038889962,0.7313481420189384,0.9940286354577696,2.3318415397775962,1.9010620536415932,1.2123199621015608,0.4686384987064434,1.154014003297795,0.8929480522636272,0.7375901473438274,1.2592051779757794,1.4542643087771336,1.7845274139406142,2.1545309031320956,2.3623744071765023,2.54919376829587,2.6764141415286304,3.139018541195508,3.3730895643868526,2.718953552594983,2.9653930906219266,3.46232462842025,3.842133846892052,4.918263940855039,5.495969412188876,5.386047240346102,2.2921201019223068,3.24402269096989,4.644602358817082,5.036578325159982,4.732542518631308,5.293349629135034,5.561458678262814,0.43701623603527995,1.6357203899367956,2.5113390231929884,0.9441558564865389,0.97370299509942,1.3218719748817933,0.4035168791289347,1.884319763044262,2.3542389198314515,2.1569773460223853,1.5482064748641076,1.8445141346561047,6.34798946088649,6.6333651081534795,6.8786718466118355,6.136051722948724,7.488416190776256,2.2867061859132876,6.400732051153591,7.6081044125035415,7.365621147111824,4.077971949299009,3.316799902222291,2.483323815342418,5.923080741692499,3.021450606449479,4.551187246357568,5.5946400315665485,4.407633986735142
30013,2.8875232754110827,3.199994556700364,2.694124405648893,3.0174754871194853,1.8365382659316445,3.1898521220276734,1.663875090376725,1.8551389447492255,1.374616024765628,3.297261502923715,1.696307404391513,2.6343474633606614,1.5346826692284792,0.0,2.7139538643994046,2.584904393370255,1.2313617771171417,0.7672820214648648,0.8343595154952073,2.6437554247859323,0.5148289012488453,2.5089452491330113,0.4043302558889087,1.2845024143498136,3.0328755963914573,3.2382778234566874,3.2789497109698007,2.5340979867165694,2.4250628237354235,2.1407539784702823,2.4935455454952393,3.6131153189652405,3.427816896037289,1.7141576636840583,3.3725554768343122,1.5192909439047018,2.3078832691731552,2.2644781980093507,2.2848858568095225,2.2034660790352807,1.7353008288916885,1.3643647228059368,1.9611841192513169,0.6150996438543999,0.5922035746221468,2.9652933238350587,2.458720149249723,3.041497751337414,0.9318117167391126,0.8124550780146841,2.347808534116407,2.0438093120139467,1.488323470266378,2.3350181942581196,0.9880848725953659,2.2629158325776695,2.4601327708587424,3.381068398797987,3.0874309848258243,2.373666797224978,1.0778650867020902,0.750885010477382,2.05608961778668,1.9731621757586284,0.5114791457757669,2.8633566494822196,2.950051386990722,3.4367000098692935,3.457113374326941,3.894080386002158,3.748800583800126,4.397510699250916,4.50232264609476,3.5158960110062623,3.8747632014241815,4.216746323351459,4.586754505894433,5.459621014421108,6.152111542240259,5.9330527086046825,2.336167713929188,3.4840777722039813,5.010111741698827,5.426999350744329,4.911675408426454,5.5212291912266895,5.809980657836555,1.7252309859831625,3.042390806703701,1.4348639208055722,2.3953731666028784,2.508347853751923,2.791001335875917,1.2896967955338354,0.3513104428562728,0.834142378048987,3.686240956162888,0.5162176178259531,3.3641377127582834,6.64272850466629,6.942291262325437,7.431823064026356,6.5633576359846435,7.910413759574119,3.8158633396629043,6.948261791616097,7.952535041860978,7.927979280920055,5.1038842297665585,4.536532235116417,3.8214033278223893,6.4255845281583,4.553261158643901,5.593310534104976,5.933595332090259,5.398362715364253
30014,1.8188179656743855,0.7147455118409507,0.25493491591129885,3.9568521655564615,2.2544237032023604,1.9953573749895663,2.0764368679191643,1.733055010148956,1.54188143772377,1.251901202938039,2.420140790892704,2.393619024874719,2.0078168218259123,2.7139538643994046,0.0,0.9166038054335967,2.5827787604286536,2.5522306653705042,1.944492624859123,0.6938548897825918,3.159238627894538,2.2370216251156565,2.580189641896988,1.4509660569628164,0.7521035251947773,1.0017781138887707,0.8817334644187043,0.6639132083197253,1.9425755232985478,1.7717409099950594,1.8066028617695513,1.0175383379071978,1.137615635897699,1.0887038939990032,0.768839886266307,2.46222317324424,2.0134819058816924,0.8566611371520987,0.46758126739733047,1.4655957910197641,1.9758413451641184,1.5393932180260457,1.9732174583505924,3.3153434058360975,3.0316864599423248,0.2717528202705977,1.3324678904558547,1.9324929764645733,2.723228612771206,2.0835588656723343,1.8688643628330521,1.7135613934421798,2.1142376434482495,2.2804113005715076,1.7264995840834092,2.1040842521523144,2.5039356109384654,0.8669825520627783,0.9675108081104266,3.0536851184617637,2.0487538708081705,2.8584160587041976,2.803906585117711,1.3196498213827856,2.2028645202604387,2.9224770814961927,3.5120701255853763,3.6783111181497614,4.071388007810791,3.8979437061787756,4.370306868814267,4.557874131387583,4.941623495009529,0.8021486774015555,1.1736771929452408,1.5217761361973847,1.90062721311816,2.9162126529107977,3.5279751690675814,3.3871378386899305,1.0392945218677752,1.372230483997777,2.6472738053203377,3.032507484409569,2.795247108184692,3.3230130605701924,3.5808502770963524,1.578548134706003,1.5251558818246935,4.104517072257452,1.578752619734984,2.0980557270945344,2.6831961112384737,2.351497883930668,2.938247031778182,3.2106871506851653,2.873093496634096,2.309675933769807,2.7671115810395275,4.350471804647944,4.632414763075451,4.887040447788031,4.128262183595745,5.481246011898105,2.6110884840422637,4.406189290794357,5.601557554039051,5.3777341662649585,2.417968206549894,2.065248921881362,1.7315616113901167,3.919665593170165,3.2154922061056306,2.9059494435253703,3.5942692615757528,2.6956348356848023
30015,0.9070482494510275,1.6076800610968465,0.667766631178906,3.130148056949349,1.5312209287315484,1.1129923052175954,1.4179143163022758,1.0396951270687431,1.8262320301403918,0.7170734848110828,1.7390293980545115,1.5014099087951063,1.4071007819012047,2.584904393370255,0.9166038054335967,0.0,2.0464172824738234,2.17318533834305,1.7506296212568566,0.2320566732656722,2.9270795813326385,1.354944002997283,2.3272697656630155,1.5603110037674552,0.5378196172519523,0.6727238172182303,0.7729199668299839,0.260862712020077,1.0636837604727933,0.9646050834120486,0.9121214202517536,1.183492365669985,0.8574805630863083,0.9220490490730355,1.0073723221128792,1.835417434390121,1.1606004917434691,0.34170890677241655,0.7189853806328418,0.6580094119475534,1.2999506841135862,1.2231976823102069,1.2171459011735382,3.1181212896240256,2.7269918821845143,1.1146771902121582,0.44030662984088104,1.0314204320098843,2.282996795600604,1.8053958161976749,1.0040334129387296,0.9446520386876012,1.5177068340876838,1.4310202202971027,1.7031526498909721,1.2637259887036598,1.642901022463982,0.9277235299259221,0.512024851926126,2.247479217935746,1.6421211131176163,2.4806680315824527,2.045112703214509,0.6805302004341275,2.1183062359366627,2.0312976540388354,2.6515834551578754,2.7774647690051166,3.194947722940713,2.982594858788109,3.4866000458339235,3.6428460774064955,4.034852590154485,1.4035815101480102,1.5827623354388471,2.1248043866321913,2.495532657571327,3.6329940092572195,4.149844358498178,4.086645775577226,1.7746902219640688,2.286746107244896,3.468652234483493,3.8289191090794716,3.676808359852943,4.176043564089308,4.420491801573049,0.9892740577424541,0.6807084888713211,3.8258523700545886,0.7004751308567846,1.2104708763070735,1.7871479843050937,1.8051255705626168,2.8847012371511473,3.264341707210927,1.9782737203236354,2.3246864928871616,1.8531448803103638,5.156359380665065,5.427488115969596,5.554122793710818,4.878334626880198,6.212096785153354,1.772579122546801,5.084080657436435,6.367188404937122,6.032942769673204,2.6715599942285033,1.9649051505655124,1.2570367811466279,4.6334088534861335,2.442635267452337,3.1471016393376767,4.398055626676865,3.000533921472572
30016,1.9714365933495983,3.2415521721919798,2.4497917797191624,1.8695157481372873,0.7249133380693444,2.246358802713172,0.674352906670412,1.0303860217752914,1.9005503820605874,2.6641255185631025,0.5187385204871084,1.5065894498771086,0.6421541285562351,1.2313617771171417,2.5827787604286536,2.0464172824738234,0.0,0.46433975222597007,0.9678887199235869,2.2029863502410154,1.2193234547462355,1.4178598437734409,0.8285581533511095,1.5893889315047278,2.5790971524163178,2.7072874842204353,2.8190611558950405,2.123713138943047,1.4360089966721357,1.2379273949184317,1.5605616926504275,3.222995073869345,2.8813738406854053,1.5146016137097509,3.0233898846927176,0.32877839856129215,1.288967600769447,1.829681248007597,2.1176991359564976,1.4486344175643908,0.7913329121843399,1.0728856875179356,0.9767576465624077,1.431919249104908,0.9302865937269192,2.854118322017981,1.736785669538313,2.1006201722527025,0.3531005497196653,0.7653257408333239,1.3887265250551701,1.1851224416702701,0.5342846761096004,1.2198394775773873,1.3241312236953122,1.2077189609433516,1.2908396449210318,2.9679912874055496,2.542985121386266,1.145238850493869,0.5860883149997884,0.6117440012966863,0.8247491464320605,1.370415127714087,1.1845769509532869,1.6506074439877993,1.7296023743601356,2.2061812321930865,2.2601109907268526,2.6629867503939053,2.5624115180633025,3.172481218667273,3.306311348668628,3.3258956412694207,3.5911919809966744,4.069910087272183,4.451012493653324,5.498485597828028,6.099289981923362,5.969883095236877,2.6944563573990075,3.73489658319682,5.18550950579326,5.586168935713093,5.228205776195774,5.806307276274063,6.081414290409968,1.0622412424307177,2.2554504137549776,1.9181855624248716,1.5634086705482453,1.464059051355103,1.609907177453976,0.24157597454738447,1.5698846101270292,2.0572569997342036,2.5648005891711887,1.457636421274213,2.2240762375874774,6.88343341458404,7.1733882329283984,7.469282237531738,6.6997373595983,8.055937998762392,2.7826552208938025,6.988828064005894,8.159671802532491,7.9591495700106965,4.717971620232496,3.9562101442071795,3.111330595885865,6.500921735139966,3.4961795247232343,5.192360735284907,6.136234578835817,5.046234913969563
30017,2.2737704226693487,3.1580520592946546,2.4615575000622827,2.2967151286721537,1.1095250586452985,2.565520569472596,0.9779948049089854,1.2566165122522353,1.6041046439495654,2.846585656999866,0.9432855202140185,1.9117512691057394,0.8795641835346253,0.7672820214648648,2.5522306653705042,2.17318533834305,0.46433975222597007,0.0,0.6885405067965715,2.291028818616198,0.8261576307406748,1.802293142555325,0.36425513372140794,1.345007277409662,2.6820388338251306,2.845904275301419,2.929224984401817,2.1960920234144092,1.7660628243448975,1.5166211606162823,1.8639500134227085,3.3104145966648244,3.029516971567652,1.4645212372222187,3.0907871502507307,0.7597327164061711,1.6320946140047226,1.9021082015721866,2.0868151637159986,1.6578448138983977,1.0732912388870475,1.0187541243830929,1.2917787791576931,1.0388172463275704,0.5709634928984413,2.822135620279852,1.9396892165890205,2.416802341663133,0.23022018951016635,0.49568724605578973,1.7018720515720003,1.4378809851457026,0.8027856837424772,1.6152715109104407,1.0398891506953067,1.5692767733762567,1.717568180149475,3.0609959440006524,2.68438868346427,1.6086975312052896,0.5323754280235762,0.3112123088253302,1.2888995630627156,1.4995132412176222,0.7777790292585575,2.1030765952927077,2.189945336994353,2.670445974962642,2.710712411032937,3.126799139329521,3.0087957878343894,3.6350663783552277,3.757495136073408,3.3337823514814313,3.6401785717965787,4.070271423253734,4.45071656149039,5.439059848917236,6.07782653689867,5.913811019309404,2.4834375362448506,3.581275952256824,5.073122734000095,5.482283449130519,5.064483961388282,5.657349201146405,5.938806762970989,1.2013348566850242,2.500816673842983,1.6576333680183517,1.8154401337530954,1.823934675030621,2.0446512546046125,0.5491361957212572,1.1084507143551874,1.5959071715914417,2.9721669498327965,1.0276518312787966,2.639486892523212,6.755469516027606,7.0499974512621755,7.4190139692728385,6.609667684823965,7.966959926746971,3.148644105017722,6.935738711150637,8.048104450313462,7.912726429531998,4.81857305467019,4.130692467974391,3.3334297642909916,6.432838253264594,3.876186880942909,5.30194157042586,6.019151855784288,5.135469661513605
